   0.0000000e+00
   0.0000000e+00
   3.0517578e-05
   3.0517578e-05
   3.0517578e-05
   3.0517578e-05
   3.0517578e-05
   0.0000000e+00
  -3.0517578e-05
  -3.0517578e-05
  -3.0517578e-05
  -3.0517578e-05
  -3.0517578e-05
   0.0000000e+00
   0.0000000e+00
   0.0000000e+00
  -3.0517578e-05
   0.0000000e+00
   0.0000000e+00
   0.0000000e+00
   0.0000000e+00
   3.0517578e-05
   0.0000000e+00
   0.0000000e+00
   3.0517578e-05
   0.0000000e+00
   0.0000000e+00
   0.0000000e+00
  -3.0517578e-05
  -3.0517578e-05
   0.0000000e+00
   0.0000000e+00
   3.0517578e-05
   3.0517578e-05
   6.1035156e-05
   3.0517578e-05
   0.0000000e+00
   0.0000000e+00
   0.0000000e+00
   0.0000000e+00
   0.0000000e+00
   0.0000000e+00
  -3.0517578e-05
  -3.0517578e-05
   6.1035156e-05
  -1.2207031e-04
   3.0517578e-04
   1.8310547e-04
  -1.2207031e-04
   3.3569336e-04
   4.2724609e-04
  -3.0517578e-05
  -2.1362305e-04
   1.8310547e-04
   6.6528320e-03
   3.3477783e-02
   3.1677246e-02
   4.2114258e-03
   6.9580078e-03
   7.9345703e-04
  -8.2397461e-03
   1.0223389e-02
   3.1341553e-02
   4.6203613e-02
   8.1481934e-02
   9.5031738e-02
   4.3884277e-02
   7.8430176e-03
   3.9978027e-03
  -2.7069092e-02
  -6.0546875e-02
  -6.0180664e-02
  -6.7077637e-02
  -8.7615967e-02
  -7.4829102e-02
  -4.1351318e-02
  -2.5817871e-02
  -1.7822266e-02
  -2.5939941e-03
   5.5541992e-03
   1.2512207e-02
   2.9602051e-02
   3.8513184e-02
   3.2806396e-02
   2.6458740e-02
   2.3559570e-02
   1.8829346e-02
   1.0375977e-02
  -2.9602051e-03
  -1.7303467e-02
  -2.6000977e-02
  -3.0914307e-02
  -3.2165527e-02
  -3.1005859e-02
  -2.9510498e-02
  -2.5329590e-02
  -1.6265869e-02
  -5.7983398e-03
   1.3122559e-03
   7.4768066e-03
   1.2664795e-02
   1.5136719e-02
   1.6082764e-02
   1.5838623e-02
   1.2298584e-02
   6.6833496e-03
   2.0751953e-03
  -2.5024414e-03
  -7.2021484e-03
  -1.0345459e-02
  -1.2359619e-02
  -1.3122559e-02
  -1.1749268e-02
  -8.5144043e-03
  -4.9438477e-03
  -1.7089844e-03
   1.2207031e-03
   3.3569336e-03
   4.3640137e-03
   4.6691895e-03
   4.5166016e-03
   4.1503906e-03
   3.1433105e-03
   1.1901855e-03
  -6.4086914e-04
  -2.2888184e-03
  -3.7231445e-03
  -4.9438477e-03
  -6.1035156e-03
  -6.8969727e-03
  -7.3852539e-03
  -6.8359375e-03
  -4.7302246e-03
  -1.8005371e-03
   5.1879883e-04
   1.8920898e-03
   3.0212402e-03
   3.6315918e-03
   3.5705566e-03
   2.6245117e-03
   1.2512207e-03
  -4.8828125e-04
  -2.3803711e-03
  -3.6315918e-03
  -4.3334961e-03
  -4.1809082e-03
  -3.7231445e-03
  -2.8381348e-03
  -2.0751953e-03
  -1.6479492e-03
  -5.7983398e-04
   6.1035156e-04
   1.6784668e-03
   1.7700195e-03
   1.3732910e-03
   1.1291504e-03
   1.2207031e-03
   2.0141602e-03
   2.4719238e-03
   2.5939941e-03
   2.3193359e-03
   1.7089844e-03
   1.0070801e-03
   3.0517578e-04
  -9.1552734e-05
  -3.6621094e-04
  -4.8828125e-04
  -3.3569336e-04
  -1.5258789e-04
  -2.1362305e-04
  -5.4931641e-04
  -8.2397461e-04
  -3.6621094e-04
   6.1035156e-04
   1.6784668e-03
   2.1667480e-03
   1.8920898e-03
   1.2207031e-03
   1.1596680e-03
   2.1362305e-03
   2.7465820e-03
   2.1362305e-03
   5.1879883e-04
  -1.1901855e-03
  -2.1972656e-03
  -2.5329590e-03
  -2.2888184e-03
  -2.0141602e-03
  -1.2512207e-03
   0.0000000e+00
   1.9836426e-03
   4.3640137e-03
   5.7678223e-03
   5.7983398e-03
   4.4555664e-03
   3.0822754e-03
   2.3193359e-03
   1.9531250e-03
   1.7089844e-03
   1.2207031e-03
   7.6293945e-04
   1.8310547e-04
  -3.0517578e-04
  -6.7138672e-04
  -7.3242188e-04
  -5.7983398e-04
  -8.8500977e-04
  -1.5869141e-03
  -2.2277832e-03
  -1.7700195e-03
  -6.4086914e-04
   3.9672852e-04
   1.1901855e-03
   1.9531250e-03
   2.4719238e-03
   2.4108887e-03
   2.5329590e-03
   2.8991699e-03
   2.8686523e-03
   2.3498535e-03
   1.7395020e-03
   1.6479492e-03
   1.6479492e-03
   9.7656250e-04
  -2.1362305e-04
  -8.8500977e-04
  -4.8828125e-04
   7.0190430e-04
   2.2583008e-03
   3.9367676e-03
   5.7067871e-03
   6.6528320e-03
   5.7983398e-03
   3.8146973e-03
   1.8615723e-03
   6.4086914e-04
  -3.0517578e-05
  -1.0986328e-03
  -2.4414062e-03
  -2.5329590e-03
  -2.2888184e-03
  -1.5563965e-03
   5.7983398e-04
   1.7395020e-03
   1.8005371e-03
   2.4108887e-03
   3.2653809e-03
   3.0212402e-03
   3.1127930e-03
   2.9907227e-03
   5.1879883e-04
  -1.8920898e-03
  -3.5400391e-03
  -4.3945312e-03
  -3.5705566e-03
  -2.1057129e-03
  -1.0681152e-03
  -3.9672852e-04
   1.3732910e-03
   4.3945312e-03
   6.4086914e-03
   6.4086914e-03
   5.0964355e-03
   3.1433105e-03
   1.5563965e-03
   6.4086914e-04
  -3.3569336e-04
  -2.2277832e-03
  -2.9602051e-03
  -4.8828125e-04
   2.3193359e-03
   2.8076172e-03
   2.5024414e-03
   2.8381348e-03
   3.3264160e-03
   3.4484863e-03
   2.9602051e-03
   1.3427734e-03
  -9.4604492e-04
  -2.5939941e-03
  -2.0446777e-03
  -1.2207031e-04
   1.0986328e-03
   1.0070801e-03
   7.3242188e-04
   1.6784668e-03
   2.2888184e-03
   9.4604492e-04
  -9.7656250e-04
  -1.4648438e-03
  -1.3427734e-03
  -8.8500977e-04
  -1.8310547e-04
   1.1596680e-03
   2.6855469e-03
   2.8991699e-03
   2.0446777e-03
   1.2817383e-03
   1.1596680e-03
   4.2724609e-04
  -2.4414062e-04
  -1.2512207e-03
  -2.2277832e-03
  -2.0446777e-03
  -1.8310547e-03
  -1.7700195e-03
  -7.3242188e-04
   5.7983398e-04
   3.0517578e-05
   1.4038086e-03
   3.9672852e-03
   2.8381348e-03
   1.9836426e-03
   3.3874512e-03
   2.7160645e-03
  -1.3732910e-03
   6.4086914e-04
   2.8381348e-03
  -1.0681152e-03
  -4.5776367e-04
   1.9226074e-03
  -1.4648438e-03
  -4.5166016e-03
  -7.6293945e-04
   3.6621094e-04
  -3.2348633e-03
  -2.1057129e-03
   1.0986328e-03
  -1.2817383e-03
  -9.4604492e-04
   1.6174316e-03
  -3.2043457e-03
  -3.3264160e-03
   3.6315918e-03
   3.9978027e-03
   1.8615723e-03
   4.7912598e-03
   3.4484863e-03
  -2.5329590e-03
  -2.3193359e-03
   2.6855469e-03
   2.4719238e-03
  -2.1667480e-03
  -2.8686523e-03
  -3.4179688e-03
  -3.2958984e-03
   5.7983398e-04
   1.2512207e-03
  -5.7983398e-04
  -6.7138672e-04
   1.2207031e-04
   1.2207031e-04
   3.9672852e-04
   1.4953613e-03
   2.4414062e-04
  -1.4648438e-03
  -2.1057129e-03
  -1.8005371e-03
  -5.1879883e-04
   5.7983398e-04
   3.6621094e-04
  -4.5776367e-04
   5.1879883e-04
  -2.1362305e-04
  -1.9836426e-03
  -6.4086914e-04
  -9.7656250e-04
  -1.7089844e-03
  -4.8828125e-04
   5.7983398e-04
   1.0070801e-03
   2.0751953e-03
   2.9296875e-03
   3.3569336e-04
  -2.2583008e-03
  -7.6293945e-04
   3.9672852e-04
  -1.0681152e-03
  -1.1291504e-03
  -9.4604492e-04
  -2.9907227e-03
  -3.4790039e-03
   1.4343262e-03
   1.0681152e-03
  -8.0566406e-03
  -5.5541992e-03
   4.3945312e-03
   7.7209473e-03
   5.0354004e-03
   3.8452148e-03
   1.0681152e-03
  -5.2795410e-03
  -5.9204102e-03
  -8.8500977e-04
   6.4086914e-04
  -5.9204102e-03
  -6.8359375e-03
  -8.8500977e-04
   9.1552734e-04
  -1.3122559e-03
   1.0681152e-03
   3.0212402e-03
   1.6174316e-03
   3.3874512e-03
   3.7231445e-03
   3.0517578e-04
   2.7465820e-04
   3.6621094e-04
  -3.1433105e-03
  -5.0354004e-03
  -4.6081543e-03
  -4.3945312e-03
  -5.1879883e-03
  -2.1057129e-03
   8.5449219e-04
  -3.0517578e-04
  -3.0517578e-05
   1.6174316e-03
   1.5258789e-03
   1.7700195e-03
   3.7841797e-03
   1.6174316e-03
  -1.8920898e-03
   7.9345703e-04
   4.5776367e-04
  -1.8005371e-03
  -4.2724609e-04
  -1.7395020e-03
  -3.4790039e-03
  -1.8920898e-03
  -8.5449219e-04
  -1.7089844e-03
   3.0517578e-04
   1.0681152e-03
  -1.4648438e-03
  -2.4414062e-04
   1.1291504e-03
   5.7983398e-04
   9.4604492e-04
  -2.7465820e-04
  -1.6174316e-03
  -6.4086914e-04
   1.2207031e-04
  -6.4086914e-04
  -3.0517578e-04
  -1.0070801e-03
  -1.5563965e-03
  -1.4343262e-03
  -1.6479492e-03
   4.2724609e-04
   2.0141602e-03
   5.4931641e-04
   9.1552734e-05
   8.8500977e-04
   4.5776367e-04
  -5.1879883e-04
  -7.3242188e-04
  -4.2724609e-04
  -1.9226074e-03
  -1.3122559e-03
  -1.2207031e-04
   2.4414062e-04
  -2.1362305e-04
  -7.3242188e-04
  -1.8310547e-04
  -7.3242188e-04
  -1.0681152e-03
  -9.7656250e-04
  -9.4604492e-04
  -1.2512207e-03
  -3.6621094e-04
   4.2724609e-04
  -3.3569336e-04
   1.2207031e-03
   9.1552734e-04
  -1.1901855e-03
   1.8310547e-04
   7.6293945e-04
  -7.0190430e-04
  -2.1362305e-04
   9.7656250e-04
  -2.4414062e-04
  -8.2397461e-04
  -1.2207031e-04
  -1.8005371e-03
  -3.0822754e-03
  -7.9345703e-04
  -6.1035156e-05
  -1.2207031e-03
   1.8310547e-04
   1.1291504e-03
   2.7465820e-04
   4.8828125e-04
   3.9672852e-04
  -5.7983398e-04
  -9.1552734e-05
   1.9836426e-03
  -4.2724609e-04
  -4.3029785e-03
  -2.4719238e-03
  -1.4953613e-03
  -2.1972656e-03
   5.1879883e-04
   3.2348633e-03
   2.4414062e-03
   2.4414062e-03
   2.5329590e-03
   7.6293945e-04
   3.3569336e-04
   1.3122559e-03
  -7.9345703e-04
  -2.6245117e-03
