  -1.5258789e-04
  -2.4414062e-04
  -1.8310547e-04
  -9.1552734e-05
   9.1552734e-05
   2.7465820e-04
   2.1362305e-04
   1.5258789e-04
  -3.0517578e-05
  -9.1552734e-05
  -2.1362305e-04
  -6.1035156e-05
  -1.2207031e-04
   1.5258789e-04
   0.0000000e+00
  -2.1362305e-04
  -3.3569336e-04
   2.1362305e-04
  -1.8310547e-04
   6.1035156e-04
  -6.7138672e-04
   1.0375977e-03
  -2.0446777e-03
   2.0751953e-03
  -2.8991699e-03
   3.8757324e-03
  -4.8522949e-03
   6.3781738e-03
  -1.0528564e-02
   1.3983154e-01
   3.7487793e-01
  -3.2043457e-03
  -4.0362549e-01
  -2.3562622e-01
   3.4790039e-02
   1.5322876e-01
   4.9926758e-01
   5.3842163e-01
  -2.8381348e-03
  -1.4059448e-01
   1.8798828e-02
   1.9256592e-02
  -6.4758301e-02
  -2.6568604e-01
  -4.9984741e-01
  -4.3475342e-01
  -2.0587158e-01
  -1.0150146e-01
  -3.3355713e-02
  -8.5449219e-03
  -2.7526855e-02
   1.0317993e-01
   2.4951172e-01
   2.3693848e-01
   2.0068359e-01
   1.9744873e-01
   1.4132690e-01
   7.0678711e-02
   5.1879883e-02
  -1.7242432e-02
  -1.4291382e-01
  -2.1179199e-01
  -1.8246460e-01
  -1.5554810e-01
  -1.5634155e-01
  -1.4163208e-01
  -1.0220337e-01
  -2.7069092e-02
   4.2175293e-02
   7.8125000e-02
   8.1573486e-02
   8.8134766e-02
   8.8043213e-02
   9.1278076e-02
   1.1004639e-01
   9.1217041e-02
   4.1748047e-02
   0.0000000e+00
  -2.2583008e-02
  -3.6926270e-02
  -3.5278320e-02
  -4.4769287e-02
  -7.8765869e-02
  -9.3322754e-02
  -7.8460693e-02
  -4.9316406e-02
  -2.1789551e-02
  -6.4086914e-04
   1.1047363e-02
   2.4047852e-02
   3.8970947e-02
   5.3222656e-02
   6.9488525e-02
   6.9305420e-02
   4.9438477e-02
   2.3620605e-02
   2.2888184e-03
  -1.5869141e-02
  -2.8167725e-02
  -3.3447266e-02
  -3.8726807e-02
  -4.2205811e-02
  -4.2602539e-02
  -3.7628174e-02
  -2.4597168e-02
  -6.0119629e-03
   1.1230469e-02
   1.9866943e-02
   2.2552490e-02
   2.0599365e-02
   1.7486572e-02
   1.7272949e-02
   1.9622803e-02
   1.9653320e-02
   1.3549805e-02
   2.1057129e-03
  -1.1444092e-02
  -1.7211914e-02
  -1.3122559e-02
  -7.0495605e-03
  -6.8359375e-03
  -1.3214111e-02
  -2.1423340e-02
  -2.2155762e-02
  -1.0864258e-02
   4.4250488e-03
   1.3824463e-02
   1.3000488e-02
   5.3100586e-03
  -6.1035156e-05
   3.7841797e-03
   1.2023926e-02
   1.5075684e-02
   1.0894775e-02
   1.8310547e-03
  -6.3476562e-03
  -6.7443848e-03
  -5.4931641e-04
   4.7607422e-03
   4.3334961e-03
  -9.4604492e-04
  -7.1716309e-03
  -7.3242188e-03
  -5.4931641e-04
   6.5612793e-03
   9.0332031e-03
   6.8664551e-03
   2.5024414e-03
   6.1035156e-05
   2.9907227e-03
   7.4157715e-03
   9.0637207e-03
   6.4392090e-03
   1.6784668e-03
  -1.4038086e-03
  -6.1035156e-04
   2.0141602e-03
   3.4484863e-03
   3.1127930e-03
   1.3427734e-03
   1.5258789e-04
   1.1901855e-03
   3.9672852e-03
   7.1716309e-03
   8.4533691e-03
   6.0424805e-03
   1.9226074e-03
  -9.1552734e-04
  -1.2207031e-03
   1.1291504e-03
   4.5776367e-03
   6.6223145e-03
   6.5002441e-03
   3.2043457e-03
  -1.8005371e-03
  -5.7678223e-03
  -8.2702637e-03
  -1.0375977e-02
  -1.0406494e-02
  -6.7138672e-03
  -1.0986328e-03
   4.7912598e-03
   9.7656250e-03
   1.2786865e-02
   1.2420654e-02
   8.0566406e-03
   1.7395020e-03
  -3.4484863e-03
  -6.2561035e-03
  -6.3171387e-03
  -4.4860840e-03
  -1.7395020e-03
   2.0446777e-03
   5.9814453e-03
   8.1481934e-03
   9.2773438e-03
   1.0223389e-02
   9.4909668e-03
   6.8359375e-03
   2.6855469e-03
  -2.0141602e-03
  -6.0424805e-03
  -7.8735352e-03
  -8.9416504e-03
  -9.8266602e-03
  -8.9416504e-03
  -6.7443848e-03
  -1.8310547e-03
   5.0659180e-03
   6.8664551e-03
   2.4719238e-03
  -1.3732910e-03
  -6.1035156e-04
   5.0048828e-03
   1.2481689e-02
   1.6326904e-02
   1.5289307e-02
   1.2512207e-02
   8.0261230e-03
  -1.0375977e-03
  -1.2023926e-02
  -1.7395020e-02
  -1.3397217e-02
  -3.1433105e-03
   6.5002441e-03
   8.5144043e-03
   2.5939941e-03
  -4.2724609e-04
   1.4648438e-03
   1.5258789e-03
   1.3732910e-03
   3.9367676e-03
   5.8593750e-03
   6.7443848e-03
   8.6059570e-03
   7.1105957e-03
   4.8828125e-04
  -7.6599121e-03
  -1.1566162e-02
  -7.9040527e-03
   7.9345703e-04
   9.3078613e-03
   1.4190674e-02
   1.2207031e-02
   4.0588379e-03
  -3.0212402e-03
  -5.6762695e-03
  -6.1950684e-03
  -6.4392090e-03
  -3.8452148e-03
  -3.0517578e-05
   9.7656250e-04
  -3.0517578e-04
  -2.8991699e-03
  -3.3569336e-03
  -4.5776367e-04
   2.9296875e-03
   5.0048828e-03
   5.0964355e-03
   3.6010742e-03
   1.6479492e-03
   7.6293945e-04
  -2.4414062e-04
  -2.0751953e-03
  -2.5634766e-03
  -1.4038086e-03
   3.0517578e-04
   4.2724609e-04
  -1.5258789e-03
  -2.5634766e-03
  -1.3122559e-03
  -4.8828125e-04
  -1.0375977e-03
  -2.4414062e-03
  -2.8076172e-03
   7.6293945e-04
   5.1269531e-03
   6.3476562e-03
   4.7912598e-03
   1.6784668e-03
  -1.1901855e-03
  -3.1738281e-03
  -3.7536621e-03
  -3.3874512e-03
  -4.6691895e-03
  -5.4321289e-03
  -2.7160645e-03
   1.3732910e-03
   3.7841797e-03
   3.4484863e-03
   1.8005371e-03
   1.8005371e-03
   3.5400391e-03
   3.7841797e-03
   2.3803711e-03
   1.6784668e-03
   7.9345703e-04
  -5.7983398e-04
  -6.1035156e-04
  -1.0681152e-03
  -2.2277832e-03
  -2.2277832e-03
  -2.7160645e-03
  -2.9907227e-03
  -1.4953613e-03
  -5.4931641e-04
  -7.9345703e-04
  -2.4414062e-04
   4.8828125e-04
   2.0446777e-03
   4.3945312e-03
   4.6386719e-03
   3.4179688e-03
   2.3498535e-03
   9.1552734e-05
  -2.5939941e-03
  -2.6855469e-03
  -2.0446777e-03
  -2.9296875e-03
  -3.8757324e-03
  -3.2043457e-03
  -2.4414062e-03
  -3.0212402e-03
  -4.7912598e-03
  -5.4016113e-03
  -2.6855469e-03
   1.8310547e-03
   5.0659180e-03
   5.8288574e-03
   4.1809082e-03
   1.3122559e-03
   1.2207031e-04
   1.2207031e-04
   3.3569336e-04
   1.7700195e-03
   1.9836426e-03
  -2.7465820e-04
  -1.5563965e-03
  -2.0446777e-03
  -2.8381348e-03
  -2.8076172e-03
  -2.6550293e-03
  -2.9907227e-03
  -2.8686523e-03
  -2.1972656e-03
  -2.0141602e-03
  -8.2397461e-04
   1.3122559e-03
   2.0446777e-03
   1.5563965e-03
   4.5776367e-04
  -1.3122559e-03
  -2.9296875e-03
  -3.6315918e-03
  -3.4790039e-03
  -2.8076172e-03
  -1.7089844e-03
  -6.4086914e-04
   1.2207031e-04
   9.1552734e-05
  -3.6621094e-04
   4.5776367e-04
   2.4108887e-03
   3.5400391e-03
   3.4484863e-03
   1.6479492e-03
  -1.2817383e-03
  -2.1057129e-03
  -9.1552734e-05
  -1.0375977e-03
  -9.6130371e-03
  -1.0040283e-02
  -3.0517578e-05
   3.4179688e-03
   1.9226074e-03
   3.8757324e-03
   4.5776367e-04
  -8.1481934e-03
  -4.2114258e-03
   4.5776367e-03
   4.0283203e-03
  -1.1901855e-03
  -2.6245117e-03
   6.1035156e-05
   4.2724609e-03
   6.2866211e-03
   3.7231445e-03
  -1.4953613e-03
  -6.0729980e-03
  -5.3710938e-03
  -1.5258789e-03
   3.3569336e-04
  -5.4931641e-04
  -2.0446777e-03
  -2.7770996e-03
  -1.8615723e-03
   3.6621094e-04
   1.7395020e-03
   9.1552734e-04
  -7.0190430e-04
  -5.4931641e-04
   7.0190430e-04
  -3.6621094e-04
  -2.7465820e-03
  -2.4719238e-03
  -7.0190430e-04
   5.1879883e-04
   1.4038086e-03
   1.6479492e-03
   6.1035156e-04
  -1.5258789e-04
  -6.7138672e-04
  -1.4953613e-03
  -1.8005371e-03
  -2.7160645e-03
  -3.3264160e-03
  -2.0751953e-03
   1.8310547e-04
   7.9345703e-04
   6.1035156e-05
  -4.8828125e-04
  -8.5449219e-04
   1.2207031e-04
   1.9836426e-03
   3.1433105e-03
   2.8076172e-03
   1.5258789e-03
   3.9672852e-04
  -6.7138672e-04
  -1.4648438e-03
  -1.3427734e-03
  -1.7700195e-03
  -2.7770996e-03
  -2.7160645e-03
  -1.6479492e-03
  -9.1552734e-05
   9.1552734e-04
  -1.8310547e-04
  -2.6550293e-03
  -2.8381348e-03
  -1.8310547e-04
   2.7160645e-03
   4.9133301e-03
   5.2185059e-03
   2.7465820e-03
   3.0517578e-05
  -1.4953613e-03
  -3.0822754e-03
  -3.8757324e-03
  -3.0212402e-03
  -1.8920898e-03
  -1.4648438e-03
  -1.5258789e-03
  -1.8920898e-03
  -1.4648438e-03
  -6.1035156e-05
   1.4953613e-03
   2.3193359e-03
   2.1972656e-03
   1.4953613e-03
   9.7656250e-04
   5.7983398e-04
   7.3242188e-04
   8.5449219e-04
  -3.3569336e-04
  -1.6784668e-03
  -2.0751953e-03
  -1.9836426e-03
  -1.9531250e-03
  -1.8310547e-03
  -1.1901855e-03
  -7.3242188e-04
  -9.1552734e-04
  -7.0190430e-04
   4.8828125e-04
   2.1362305e-03
   2.3803711e-03
   1.4038086e-03
   3.9672852e-04
  -3.6621094e-04
  -3.6621094e-04
  -1.2207031e-04
   2.1362305e-04
   1.5258789e-04
  -1.2207031e-04
   1.5258789e-04
   2.4414062e-04
   6.1035156e-05
  -5.7983398e-04
  -9.7656250e-04
  -6.1035156e-04
  -1.8310547e-04
  -2.4414062e-04
  -8.8500977e-04
  -9.7656250e-04
   1.2207031e-04
   2.3498535e-03
   3.2653809e-03
   1.3427734e-03
  -9.7656250e-04
  -2.5939941e-03
  -2.5634766e-03
  -1.1291504e-03
  -2.7465820e-04
   4.8828125e-04
   1.0070801e-03
   4.5776367e-04
  -7.9345703e-04
  -1.1596680e-03
  -1.5258789e-04
   1.3732910e-03
   2.8686523e-03
