   3.0517578e-05
  -9.1552734e-05
  -1.8310547e-04
   0.0000000e+00
   1.8310547e-04
   2.4414062e-04
   3.0517578e-05
   9.1552734e-05
  -6.1035156e-05
  -1.5258789e-04
  -2.7465820e-04
   1.8310547e-04
   0.0000000e+00
  -3.0517578e-05
  -9.1552734e-05
  -1.5258789e-04
  -3.0517578e-04
   2.1362305e-04
  -6.1035156e-05
   7.6293945e-04
  -1.2207031e-03
   1.6479492e-03
  -2.9602051e-03
   3.4179688e-03
  -4.6081543e-03
   6.2255859e-03
  -7.9040527e-03
   9.8876953e-03
  -1.1138916e-02
   2.5534058e-01
   4.2236328e-01
  -3.7997437e-01
  -5.5889893e-01
   1.2246704e-01
   3.0718994e-01
   7.1105957e-02
   4.0356445e-01
   5.6369019e-01
  -2.0965576e-01
  -3.4539795e-01
   2.1652222e-01
   1.8508911e-01
  -2.8701782e-01
  -3.6337280e-01
  -3.5281372e-01
  -3.6715698e-01
  -1.0726929e-01
   3.6193848e-02
  -1.3351440e-01
  -1.7785645e-01
   8.8714600e-02
   2.0574951e-01
   1.7520142e-01
   2.4032593e-01
   2.4902344e-01
   1.4880371e-01
   8.1756592e-02
   6.8695068e-02
  -2.5146484e-02
  -1.1846924e-01
  -1.5441895e-01
  -1.4178467e-01
  -1.3296509e-01
  -1.4913940e-01
  -1.3284302e-01
  -8.5540771e-02
  -3.4240723e-02
   3.9978027e-03
   5.3009033e-02
   6.6406250e-02
   5.4443359e-02
   6.4392090e-02
   8.1481934e-02
   8.2977295e-02
   8.2916260e-02
   6.5734863e-02
   1.9226074e-02
  -1.5563965e-02
  -1.5228271e-02
  -1.6906738e-02
  -4.0100098e-02
  -6.6009521e-02
  -8.3007812e-02
  -8.7646484e-02
  -7.1685791e-02
  -3.5034180e-02
  -4.7607422e-03
   1.1749268e-02
   1.8493652e-02
   3.2531738e-02
   5.2093506e-02
   6.4392090e-02
   6.6253662e-02
   5.6579590e-02
   3.5003662e-02
   9.4299316e-03
  -1.1413574e-02
  -2.6031494e-02
  -3.3203125e-02
  -3.5003662e-02
  -3.9978027e-02
  -4.6783447e-02
  -4.3060303e-02
  -2.7984619e-02
  -1.1047363e-02
   3.9672852e-03
   1.7608643e-02
   2.2338867e-02
   2.1606445e-02
   2.0507812e-02
   1.9683838e-02
   2.0355225e-02
   2.0874023e-02
   1.5045166e-02
   2.8076172e-03
  -1.0162354e-02
  -1.7120361e-02
  -1.6906738e-02
  -1.1016846e-02
  -6.1950684e-03
  -8.8806152e-03
  -1.6967773e-02
  -2.2888184e-02
  -1.6265869e-02
  -2.1362305e-04
   1.2634277e-02
   1.3092041e-02
   7.5073242e-03
   1.7089844e-03
   5.7983398e-04
   7.5073242e-03
   1.5197754e-02
   1.4831543e-02
   6.0424805e-03
  -4.2419434e-03
  -1.0711670e-02
  -8.2092285e-03
   3.9672852e-04
   4.0588379e-03
   0.0000000e+00
  -5.5847168e-03
  -7.6293945e-03
  -2.8991699e-03
   5.8898926e-03
   1.1291504e-02
   8.9721680e-03
   3.7841797e-03
   5.7983398e-04
   1.1596680e-03
   5.7067871e-03
   9.6740723e-03
   7.8430176e-03
   1.8615723e-03
  -2.0141602e-03
  -2.5329590e-03
  -7.3242188e-04
   1.6174316e-03
   2.7770996e-03
   1.2817383e-03
  -9.4604492e-04
   2.7465820e-04
   3.7536621e-03
   6.3476562e-03
   6.9885254e-03
   5.3710938e-03
   3.0822754e-03
   1.7395020e-03
   2.1362305e-03
   3.7841797e-03
   4.6386719e-03
   3.3874512e-03
   1.4648438e-03
   1.8310547e-04
  -1.6784668e-03
  -2.4108887e-03
  -8.2397461e-04
  -2.1362305e-04
  -2.1667480e-03
  -4.0588379e-03
  -5.1879883e-03
  -5.7067871e-03
  -4.0893555e-03
  -3.6621094e-04
   3.0517578e-03
   4.8217773e-03
   5.7067871e-03
   6.2866211e-03
   6.2561035e-03
   5.2490234e-03
   4.5776367e-03
   3.4790039e-03
   6.1035156e-05
  -3.7841797e-03
  -5.7373047e-03
  -4.4250488e-03
   2.1362305e-04
   4.5776367e-03
   5.4321289e-03
   4.3945312e-03
   4.4860840e-03
   5.3405762e-03
   5.1574707e-03
   3.1433105e-03
   9.4604492e-04
  -2.1667480e-03
  -4.9133301e-03
  -5.2185059e-03
  -3.9062500e-03
  -5.4931641e-04
  -9.4604492e-04
  -6.5917969e-03
  -8.9721680e-03
  -4.2724609e-03
   3.9978027e-03
   1.1749268e-02
   1.4434814e-02
   1.4434814e-02
   1.5899658e-02
   1.4556885e-02
   5.2185059e-03
  -8.8806152e-03
  -1.4617920e-02
  -9.0637207e-03
  -1.5258789e-03
   2.3803711e-03
  -9.1552734e-04
  -4.5776367e-03
  -5.1879883e-04
   4.1198730e-03
   5.0354004e-03
   5.7373047e-03
   7.2937012e-03
   3.3569336e-03
  -1.7089844e-03
   1.4953613e-03
   4.4860840e-03
   1.7395020e-03
  -1.6174316e-03
  -5.2795410e-03
  -5.7373047e-03
   3.7231445e-03
   1.2573242e-02
   1.0864258e-02
   3.1738281e-03
  -3.1127930e-03
  -6.2255859e-03
  -5.9814453e-03
  -6.1035156e-05
   3.5705566e-03
   1.5258789e-03
   5.7983398e-04
  -2.4414062e-03
  -4.9743652e-03
  -1.6479492e-03
   1.4953613e-03
   3.2653809e-03
   3.6926270e-03
   3.1738281e-03
   2.9296875e-03
   2.0446777e-03
   1.4038086e-03
  -1.4038086e-03
  -4.6997070e-03
  -4.4860840e-03
  -2.2583008e-03
   9.1552734e-04
   1.3427734e-03
   8.2397461e-04
   1.4343262e-03
  -5.7983398e-04
   2.7465820e-04
   2.6855469e-03
   1.0375977e-03
  -3.0517578e-04
   2.1362305e-04
   2.2583008e-03
   4.2724609e-03
   2.5939941e-03
  -2.1972656e-03
  -5.0354004e-03
  -4.0283203e-03
  -3.3569336e-03
  -4.6081543e-03
  -4.5471191e-03
  -1.7395020e-03
   2.1972656e-03
   3.2348633e-03
   2.4414062e-03
   2.8076172e-03
   4.0588379e-03
   5.1269531e-03
   4.7607422e-03
   3.4790039e-03
   2.0751953e-03
   1.5258789e-04
  -1.9226074e-03
  -2.6550293e-03
  -2.7465820e-03
  -2.8076172e-03
  -2.8076172e-03
  -4.2114258e-03
  -3.4790039e-03
  -7.0190430e-04
  -3.6621094e-04
   5.1879883e-04
   2.2277832e-03
   2.8076172e-03
   3.0517578e-03
   3.8757324e-03
   4.3945312e-03
   3.8146973e-03
   2.6245117e-03
   3.0517578e-04
  -2.5329590e-03
  -3.0517578e-03
  -2.8381348e-03
  -4.2419434e-03
  -4.5776367e-03
  -2.4719238e-03
  -1.0375977e-03
  -2.4108887e-03
  -1.9531250e-03
   3.3569336e-04
   6.1035156e-04
  -3.3569336e-04
  -1.0070801e-03
  -2.1362305e-04
   8.2397461e-04
   2.2888184e-03
   2.6245117e-03
   2.7465820e-04
  -6.1035156e-04
   1.7395020e-03
   2.6245117e-03
   7.9345703e-04
  -1.5258789e-04
  -2.4414062e-04
  -3.0517578e-04
  -1.0681152e-03
  -1.7700195e-03
  -1.9531250e-03
  -3.3264160e-03
  -4.2724609e-03
  -2.4414062e-03
   1.8310547e-04
   1.3427734e-03
   2.0446777e-03
   1.5563965e-03
  -3.6621094e-04
  -2.1972656e-03
  -3.2958984e-03
  -2.9602051e-03
  -1.0986328e-03
  -3.3569336e-04
  -1.5563965e-03
  -1.0375977e-03
  -3.6621094e-04
  -9.4604492e-04
  -1.2207031e-04
   1.5258789e-04
  -9.1552734e-04
  -7.9345703e-04
  -6.1035156e-05
   4.5776367e-04
   9.4604492e-04
   7.6293945e-04
  -4.2724609e-04
  -1.2207031e-03
   1.2207031e-04
   2.9602051e-03
  -3.4179688e-03
  -1.0101318e-02
  -1.6174316e-03
   4.7607422e-03
   1.0681152e-03
  -3.0517578e-04
   2.7770996e-03
  -2.4414062e-03
  -9.9487305e-03
  -3.8452148e-03
   5.3710938e-03
   1.9226074e-03
  -3.2958984e-03
  -1.0070801e-03
   3.1127930e-03
   4.2724609e-03
   1.8920898e-03
   4.2724609e-04
  -1.4038086e-03
  -1.4648438e-03
   9.1552734e-05
   2.1362305e-04
  -9.7656250e-04
  -2.4108887e-03
  -3.0212402e-03
  -3.9062500e-03
  -2.5024414e-03
   5.7983398e-04
   1.2207031e-04
  -1.8920898e-03
  -1.2207031e-04
   2.0446777e-03
   6.1035156e-04
  -6.1035156e-04
   9.7656250e-04
   1.3732910e-03
  -7.0190430e-04
  -9.4604492e-04
  -1.0681152e-03
  -1.3122559e-03
  -1.8310547e-04
  -6.1035156e-04
  -2.2277832e-03
  -1.9226074e-03
  -1.0681152e-03
  -2.0141602e-03
  -1.0375977e-03
  -3.3569336e-04
  -1.3122559e-03
  -4.8828125e-04
   5.7983398e-04
   3.0517578e-04
   3.0517578e-05
   1.5258789e-03
   3.1738281e-03
   2.5939941e-03
   6.4086914e-04
  -1.2207031e-04
  -9.1552734e-05
  -2.7465820e-04
  -7.9345703e-04
  -2.5939941e-03
  -3.5095215e-03
  -2.9907227e-03
  -1.7395020e-03
   4.2724609e-04
   5.4931641e-04
  -2.4414062e-04
  -2.4414062e-03
  -4.1198730e-03
  -9.7656250e-04
   3.4179688e-03
   6.1340332e-03
   5.7983398e-03
   2.9907227e-03
  -9.1552734e-04
  -2.7770996e-03
  -2.6550293e-03
  -3.0517578e-03
  -3.3874512e-03
  -2.8381348e-03
  -1.7089844e-03
  -1.3122559e-03
  -1.2512207e-03
  -1.0986328e-03
   1.8310547e-04
   1.6784668e-03
   2.0141602e-03
   1.7700195e-03
   9.7656250e-04
   2.7465820e-04
  -1.5258789e-04
  -6.1035156e-05
  -1.2207031e-04
  -5.4931641e-04
  -1.4038086e-03
  -1.2817383e-03
   2.4414062e-04
   2.4414062e-04
  -1.2817383e-03
  -2.0446777e-03
  -1.7700195e-03
  -2.2583008e-03
  -2.0751953e-03
   2.4414062e-04
   1.7700195e-03
   1.0375977e-03
   8.8500977e-04
   1.0986328e-03
   6.1035156e-04
   1.2207031e-04
  -9.1552734e-05
   5.4931641e-04
   8.5449219e-04
   8.5449219e-04
   3.3569336e-04
  -7.0190430e-04
  -6.4086914e-04
  -5.4931641e-04
  -6.7138672e-04
  -2.1362305e-04
  -5.1879883e-04
  -2.5329590e-03
  -2.9296875e-03
  -1.0375977e-03
   1.1596680e-03
   3.4484863e-03
   3.1738281e-03
   2.4414062e-04
  -1.9226074e-03
  -1.2512207e-03
  -3.3569336e-04
  -3.9672852e-04
   5.7983398e-04
   1.0070801e-03
  -6.7138672e-04
  -1.9531250e-03
  -1.8920898e-03
  -1.1291504e-03
   9.4604492e-04
   2.9602051e-03
   2.6855469e-03
