  -3.0517578e-05
   0.0000000e+00
   3.0517578e-05
   9.1552734e-05
   9.1552734e-05
   9.1552734e-05
   9.1552734e-05
   9.1552734e-05
   3.0517578e-05
   0.0000000e+00
  -3.0517578e-05
  -9.1552734e-05
  -9.1552734e-05
  -6.1035156e-05
  -6.1035156e-05
  -6.1035156e-05
  -6.1035156e-05
  -3.0517578e-05
   0.0000000e+00
   3.0517578e-05
   3.0517578e-05
   6.1035156e-05
   6.1035156e-05
   3.0517578e-05
   3.0517578e-05
   3.0517578e-05
   0.0000000e+00
  -3.0517578e-05
  -3.0517578e-05
  -3.0517578e-05
  -3.0517578e-05
   0.0000000e+00
   0.0000000e+00
   0.0000000e+00
   3.0517578e-05
   3.0517578e-05
   3.0517578e-05
   3.0517578e-05
   3.0517578e-05
   0.0000000e+00
   3.0517578e-05
   0.0000000e+00
  -9.1552734e-05
  -3.0517578e-05
  -3.0517578e-05
   3.0517578e-05
   6.1035156e-05
   1.8310547e-04
   2.7465820e-04
   2.4414062e-04
   2.1362305e-04
   4.8828125e-04
   9.1552734e-04
   1.4038086e-03
   1.4038086e-03
   6.5002441e-03
   1.6937256e-02
   2.1057129e-02
   2.6153564e-02
   2.4627686e-02
   9.3383789e-03
   7.2631836e-03
   1.7608643e-02
   2.5512695e-02
   2.9724121e-02
   1.9714355e-02
   2.0568848e-02
   7.0159912e-02
   1.0992432e-01
   7.9956055e-02
   1.6998291e-02
  -4.4799805e-02
  -9.2041016e-02
  -1.0086060e-01
  -9.6832275e-02
  -1.1572266e-01
  -1.2326050e-01
  -9.5825195e-02
  -5.7098389e-02
  -1.5594482e-02
   2.2064209e-02
   4.2968750e-02
   6.0180664e-02
   8.0139160e-02
   8.5174561e-02
   7.3303223e-02
   5.4046631e-02
   2.8869629e-02
   3.9062500e-03
  -1.4801025e-02
  -3.2379150e-02
  -4.9926758e-02
  -5.8959961e-02
  -5.6610107e-02
  -4.8461914e-02
  -3.8665771e-02
  -2.8961182e-02
  -1.8829346e-02
  -7.1105957e-03
   5.2490234e-03
   1.5869141e-02
   2.2521973e-02
   2.5024414e-02
   2.3925781e-02
   2.0721436e-02
   1.6937256e-02
   1.3214111e-02
   8.4838867e-03
   2.2583008e-03
  -4.9438477e-03
  -1.2054443e-02
  -1.6387939e-02
  -1.8341064e-02
  -1.9226074e-02
  -1.8280029e-02
  -1.5014648e-02
  -1.0131836e-02
  -4.6081543e-03
   1.1291504e-03
   6.5917969e-03
   1.1260986e-02
   1.3671875e-02
   1.3336182e-02
   1.1108398e-02
   7.8735352e-03
   3.9062500e-03
  -1.5258789e-04
  -3.9367676e-03
  -7.7819824e-03
  -1.0925293e-02
  -1.2298584e-02
  -1.1993408e-02
  -1.0314941e-02
  -7.5988770e-03
  -4.6691895e-03
  -2.4108887e-03
  -4.8828125e-04
   1.4953613e-03
   3.3569336e-03
   4.7912598e-03
   5.4321289e-03
   4.9743652e-03
   3.6621094e-03
   1.9836426e-03
   2.4414062e-04
  -1.0070801e-03
  -1.9226074e-03
  -2.8991699e-03
  -3.9672852e-03
  -4.4860840e-03
  -4.2724609e-03
  -3.3874512e-03
  -1.8615723e-03
   0.0000000e+00
   1.7395020e-03
   2.7465820e-03
   3.3264160e-03
   3.5095215e-03
   3.6010742e-03
   3.5095215e-03
   2.8686523e-03
   1.8310547e-03
   7.3242188e-04
  -9.1552734e-05
  -4.2724609e-04
  -1.2207031e-04
   6.4086914e-04
   1.0070801e-03
   6.4086914e-04
  -3.0517578e-04
  -1.0986328e-03
  -1.2512207e-03
  -1.0375977e-03
  -7.9345703e-04
  -4.8828125e-04
   5.7983398e-04
   2.5329590e-03
   4.6997070e-03
   6.0729980e-03
   6.3781738e-03
   5.3405762e-03
   2.3193359e-03
  -1.3427734e-03
  -3.4484863e-03
  -3.9978027e-03
  -4.4555664e-03
  -5.1574707e-03
  -4.6386719e-03
  -2.0446777e-03
   1.6784668e-03
   4.4250488e-03
   5.6762695e-03
   6.4086914e-03
   7.0800781e-03
   6.6528320e-03
   5.3100586e-03
   4.1503906e-03
   3.1127930e-03
   1.4343262e-03
  -7.6293945e-04
  -2.4108887e-03
  -3.1433105e-03
  -3.2653809e-03
  -3.0822754e-03
  -2.3803711e-03
  -1.1596680e-03
   3.0517578e-05
   7.0190430e-04
   1.1901855e-03
   1.8920898e-03
   2.4414062e-03
   2.7160645e-03
   2.8686523e-03
   2.8076172e-03
   2.2888184e-03
   1.5563965e-03
   9.1552734e-04
   4.8828125e-04
   2.7465820e-04
   3.0517578e-04
   6.4086914e-04
   1.4343262e-03
   2.6855469e-03
   3.7231445e-03
   3.9978027e-03
   3.7841797e-03
   3.4484863e-03
   2.8686523e-03
   1.3122559e-03
  -6.7138672e-04
  -1.7089844e-03
  -1.2817383e-03
   3.0517578e-05
   1.4038086e-03
   2.5024414e-03
   2.8991699e-03
   2.4719238e-03
   1.9836426e-03
   1.8615723e-03
   1.8005371e-03
   2.0141602e-03
   2.3803711e-03
   2.5329590e-03
   2.6550293e-03
   1.8615723e-03
  -3.0517578e-05
  -1.8005371e-03
  -3.1738281e-03
  -3.6315918e-03
  -2.9296875e-03
  -1.4648438e-03
   4.2724609e-04
   1.9226074e-03
   2.4414062e-03
   2.3193359e-03
   1.6479492e-03
   1.6784668e-03
   2.2583008e-03
   1.4343262e-03
   5.4931641e-04
   1.5258789e-04
  -4.5776367e-04
  -3.6621094e-04
   4.5776367e-04
   9.7656250e-04
   1.7089844e-03
   2.3803711e-03
   2.8076172e-03
   3.6621094e-03
   3.9367676e-03
   3.2348633e-03
   2.7770996e-03
   2.4414062e-03
   1.7089844e-03
   1.0375977e-03
   6.7138672e-04
   5.1879883e-04
   1.8310547e-04
  -5.7983398e-04
  -1.3732910e-03
  -2.1667480e-03
  -2.8991699e-03
  -3.0212402e-03
  -2.5329590e-03
  -8.2397461e-04
   1.6479492e-03
   3.2653809e-03
   3.3874512e-03
   2.5329590e-03
   1.7700195e-03
   1.6784668e-03
   1.4953613e-03
   6.7138672e-04
  -6.1035156e-05
  -5.4931641e-04
  -9.1552734e-05
   6.4086914e-04
   3.3569336e-04
  -9.1552734e-05
  -4.8828125e-04
  -7.6293945e-04
  -3.3569336e-04
  -2.1362305e-04
  -1.4648438e-03
  -1.9531250e-03
  -1.3122559e-03
  -4.8828125e-04
  -2.1362305e-04
  -8.5449219e-04
   3.3569336e-04
   2.1667480e-03
   2.2277832e-03
   3.6926270e-03
   5.7983398e-03
   3.7231445e-03
   2.1362305e-03
   3.0517578e-03
   2.7465820e-04
  -3.1433105e-03
  -1.3732910e-03
  -1.1291504e-03
  -5.0354004e-03
  -3.8757324e-03
  -6.1035156e-04
  -1.1291504e-03
  -9.1552734e-05
   1.8005371e-03
  -7.3242188e-04
  -1.6479492e-03
   1.4343262e-03
   1.4343262e-03
   9.7656250e-04
   2.5024414e-03
   7.9345703e-04
  -1.3732910e-03
   3.0517578e-05
   7.9345703e-04
  -1.8615723e-03
  -3.2653809e-03
  -1.3732910e-03
   1.5563965e-03
   3.7536621e-03
   1.6479492e-03
  -2.1362305e-03
  -3.7841797e-03
  -1.4648438e-03
   2.0751953e-03
   1.5869141e-03
  -2.4414062e-04
  -6.1035156e-04
  -1.3732910e-03
  -8.5449219e-04
   5.7983398e-04
  -8.2397461e-04
  -1.2817383e-03
  -5.7983398e-04
  -1.4038086e-03
  -8.2397461e-04
  -2.7465820e-04
  -1.5258789e-03
  -7.9345703e-04
   6.7138672e-04
  -7.3242188e-04
  -1.0375977e-03
  -3.3569336e-04
  -1.2207031e-03
  -1.0070801e-03
  -2.7465820e-04
  -1.8615723e-03
  -2.1057129e-03
   1.7089844e-03
   3.0517578e-03
   1.4343262e-03
   1.1291504e-03
   2.1362305e-04
  -1.3122559e-03
   4.8828125e-04
   1.4343262e-03
  -1.7395020e-03
  -3.0517578e-03
   6.1035156e-05
   1.5258789e-03
  -4.2419434e-03
  -7.1716309e-03
  -6.0119629e-03
  -1.0986328e-03
   7.0495605e-03
   1.1383057e-02
   7.5073242e-03
  -2.7465820e-03
  -9.4299316e-03
  -8.3007812e-03
  -6.4086914e-04
   2.5939941e-03
  -2.0751953e-03
  -4.5166016e-03
  -3.3874512e-03
  -1.8310547e-03
   8.5449219e-04
   6.1035156e-04
  -3.6621094e-04
   2.6550293e-03
   4.8828125e-03
   3.9978027e-03
   2.2277832e-03
  -1.3122559e-03
  -3.5400391e-03
  -2.0141602e-03
  -2.4414062e-03
  -3.4790039e-03
  -3.9978027e-03
  -5.9814453e-03
  -4.9743652e-03
  -6.4086914e-04
   3.9672852e-04
   1.8310547e-04
   1.9226074e-03
   1.9226074e-03
   2.8381348e-03
   4.1503906e-03
   1.4648438e-03
  -6.7138672e-04
  -7.3242188e-04
  -1.9226074e-03
  -1.1901855e-03
   4.5776367e-04
  -9.1552734e-04
  -1.0986328e-03
  -2.7465820e-04
  -1.8005371e-03
  -2.1972656e-03
  -5.1879883e-04
  -7.6293945e-04
  -9.7656250e-04
   5.4931641e-04
  -2.4414062e-04
   7.3242188e-04
   3.3569336e-03
   1.8005371e-03
  -8.2397461e-04
  -1.7395020e-03
  -2.2277832e-03
  -1.4648438e-03
   2.4414062e-04
  -6.4086914e-04
  -3.4179688e-03
  -3.7231445e-03
  -1.4648438e-03
   2.1362305e-04
   2.6550293e-03
   3.6926270e-03
   1.4953613e-03
  -6.1035156e-05
   6.1035156e-04
  -3.3569336e-04
  -1.4953613e-03
  -6.1035156e-04
  -1.3427734e-03
  -1.5563965e-03
  -1.5258789e-04
  -6.1035156e-04
  -2.5939941e-03
  -1.7395020e-03
  -7.9345703e-04
  -1.0375977e-03
   9.4604492e-04
   1.3122559e-03
  -5.4931641e-04
  -2.1362305e-04
   1.0375977e-03
   2.4414062e-04
  -1.8310547e-04
   3.9672852e-04
  -2.4414062e-04
  -7.9345703e-04
  -1.2207031e-04
   6.1035156e-05
  -5.1879883e-04
  -4.8828125e-04
  -9.4604492e-04
  -2.0751953e-03
  -1.2817383e-03
   7.0190430e-04
   1.2207031e-03
   9.7656250e-04
   1.6479492e-03
   1.1596680e-03
  -2.1362305e-04
   1.8310547e-04
   1.8310547e-04
  -1.1596680e-03
  -6.4086914e-04
  -1.8310547e-04
  -1.4038086e-03
  -1.6784668e-03
  -1.2207031e-03
  -1.8615723e-03
  -1.4343262e-03
   3.0517578e-05
  -3.9672852e-04
  -1.0070801e-03
  -3.0517578e-05
   8.2397461e-04
   9.1552734e-04
   1.4648438e-03
   4.5776367e-04
  -1.0681152e-03
  -1.8310547e-04
   8.8500977e-04
   4.8828125e-04
   6.4086914e-04
   1.2512207e-03
